"Source","Target"
"Made","https://www.rottentomatoes.com/m/crime_spree"
"Made","https://www.rottentomatoes.com/m/dinner_rush"
"Made","https://www.rottentomatoes.com/m/1084868-celebrity"
"Made","https://www.rottentomatoes.com/m/the_man_on_the_train"
"Made","https://www.rottentomatoes.com/m/birthday_girl"
